385
387
386
388
389
387
387
387
385
385
385
383
381
381
382
386
386
387
388
386
386
388
392
396
394
394
394
390
389
386
386
385
390
391
390
391
386
383
385
383
382
383
382
382
382
381
378
379
380
380
376
374
376
379
378
377
371
373
377
378
380
381
386
387
388
386
388
390
389
388
390
389
391
390
393
390
391
399
399
401
399
405
404
406
409
415
417
416
415
415
415
415
416
414
417
412
410
411
411
411
408
409
411
412
411
410
410
410
412
411
414
413
414
411
412
414
416
416
416
420
423
420
419
419
420
421
420
417
419
419
415
416
417
414
413
414
413
415
419
417
417
415
411
411
410
408
410
411
411
412
412
412
408
406
406
409
412
413
413
412
411
410
411
409
408
408
409
411
411
414
415
414
413
414
416
414
413
416
418
417
416
417
421
421
420
421
425
426
428
428
428
427
427
422
421
422
422
422
423
423
423
420
421
420
422
424
423
423
424
422
419
418
419
419
419
419
416
414
421
421
420
422
421
418
420
419
420
417
413
416
420
421
423
421
417
414
414
411
417
422
426
423
423
421
420
420
420
420
421
421
421
417
416
414
413
410
410
410
411
409
410
409
412
409
410
409
412
414
413
412
409
409
410
411
408
407
403
401
404
401
401
399
401
400
398
398
396
395
397
398
398
401
398
399
401
399
407
410
410
412
413
409
410
403
404
405
405
403
405
405
407
406
409
410
408
406
407
409
410
415
415
409
411
409
408
407
409
412
415
419
418
416
420
419
423
417
415
418
415
421
419
426
429
426
421
421
426
424
432
429
426
432
434
435
431
431
425
424
423
427
424
423
421
420
415
413
414
416
417
413
409
405
407
406
404
404
405
402
403
402
399
399
399
397
400
398
400
401
400
400
399
397
397
395
400
400
400
399
399
395
393
391
392
391
391
391
392
395
391
392
393
392
394
390
395
398
398
400
399
398
400
398
399
399
397
396
396
393
396
399
399
401
399
398
397
398
396
395
388
386
387
386
385
388
387
391
391
390
390
390
389
386
390
392
394
393
394
393
397
397
396
396
392
390
390
390
387
386
390
389
392
390
389
390
389
386
383
387
382
381
380
379
378
378
380
381
379
377
379
378
375
372
368
368
368
368
366
365
364
361
362
361
356
355
360
359
360
359
360
358
360
359
357
359
357
357
358
359
360
357
359
361
362
357
355
353
352
352
348
346
346
347
347
349
349
348
347
348
348
351
351
350
350
350
349
349
351
351
352
352
355
355
356
357
355
356
354
353
353
353
354
353
353
353
352
353
352
352
349
350
349
350
350
349
350
349
349
350
349
348
345
345
343
343
343
342
342
341
342
342
343
344
343
344
343
345
343
343
341
341
342
343
343
343
343
341
340
340
342
342
343
342
344
344
343
344
343
343
344
351
352
351
352
352
353
354
352
352
352
351
352
353
353
353
354
352
351
350
350
352
354
355
355
354
354
354
354
354
353
353
354
357
358
357
356
356
356
354
353
355
354
355
354
353
350
350
352
353
353
353
355
353
352
353
353
352
351
350
348
348
348
349
349
347
347
347
345
341
343
342
342
342
343
341
341
343
341
342
341
341
340
341
341
340
340
341
341
342
344
342
341
341
341
342
340
339
335
334
334
335
336
336
337
340
339
341
340
342
341
342
340
339
343
345
344
344
343
344
344
343
342
341
342
340
339
337
333
333
333
333
333
332
336
333
331
331
333
331
331
332
333
333
332
331
333
333
335
335
334
334
334
334
332
332
334
334
332
331
332
327
325
326
326
324
326
324
327
328
326
326
327
327
327
327
327
327
325
324
324
324
322
320
320
323
326
328
327
328
331
328
329
328
329
330
331
333
330
330
328
330
332
330
326
331
339
343
343
344
343
345
340
340
342
341
342
338
339
339
341
340
338
342
341
342
343
340
340
341
341
340
332
331
328
325
326
325
322
321
323
319
320
319
319
321
322
320
320
319
320
321
322
321
321
324
324
323
322
319
319
319
320
320
324
320
322
321
323
321
322
324
324
326
324
325
324
324
327
324
327
324
328
327
327
321
318
324
332
334
333
333
337
332
332
334
334
330
321
317
315
317
316
317
318
321
320
318
318
316
318
318
319
313
315
316
321
321
324
324
326
320
318
319
320
317
318
326
320
321
325
328
325
325
327
324
320
323
320
326
325
326
322
322
317
323
331
337
338
337
337
339
340
340
341
344
345
349
350
351
352
353
354
355
354
352
351
352
352
347
350
350
350
349
349
349
352
353
354
355
353
355
356
357
360
358
361
359
358
358
363
364
365
365
363
363
364
363
363
363
363
364
365
364
363
364
363
364
364
362
362
362
360
358
359
360
359
357
358
357
356
354
353
348
350
352
352
347
346
347
349
346
346
345
346
346
347
347
347
347
351
356
356
358
357
357
356
358
359
358
358
358
358
359
357
357
358
359
358
355
358
356
358
356
355
360
358
357
360
364
365
365
365
362
357
357
355
354
356
357
359
358
358
360
365
364
365
365
365
365
365
365
365
367
365
364
367
368
368
364
361
362
357
360
358
355
352
355
362
364
362
366
368
366
366
365
365
367
370
371
368
370
372
377
378
380
380
385
387
386
385
385
385
382
380
380
380
380
380
382
380
380
382
383
385
387
386
385
386
386
382
384
385
383
379
380
384
385
386
388
388
391
390
392
393
397
396
395
396
397
396
395
397
396
395
392
392
385
387
387
386
385
385
389
390
392
391
389
390
391
391
387
390
395
397
397
397
395
393
396
394
395
398
399
399
397
400
398
399
403
405
405
406
407
407
405
401
401
400
402
400
403
404
405
405
404
401
404
404
405
405
401
402
401
400
403
402
402
402
402
401
397
393
393
392
391
393
395
396
394
395
396
396
394
392
394
394
394
394
398
398
397
397
395
396
393
393
394
396
396
394
394
391
391
391
392
389
391
392
391
392
391
387
389
389
389
386
387
384
380
378
376
373
373
371
369
371
375
375
375
375
377
377
373
374
377
381
380
376
379
373
372
371
368
371
372
369
370
374
372
375
381
383
388
387
385
386
390
389
390
388
389
389
392
390
395
397
397
395
392
392
396
395
394
396
402
401
397
399
398
397
395
392
395
394
398
398
397
397
399
398
394
395
393
392
393
394
391
393
394
395
391
392
390
388
383
383
378
376
375
377
378
375
374
375
370
369
368
367
373
377
376
378
376
373
375
375
374
370
373
372
372
371
366
365
365
363
366
367
365
366
365
362
366
371
371
369
370
373
371
368
365
368
371
371
373
373
369
372
369
372
374
377
377
379
376
377
378
377
382
385
384
384
385
384
385
385
384
385
378
381
380
380
379
377
374
373
376
378
377
376
377
384
383
382
382
382
382
382
380
379
378
372
366
366
364
363
367
373
371
372
377
374
377
377
377
379
378
378
375
378
374
373
373
371
369
368
367
362
362
361
359
362
363
364
365
363
359
362
369
365
363
365
368
369
368
370
370
368
365
369
370
368
362
367
369
367
368
365
362
361
362
356
356
356
355
355
354
349
349
351
343
341
335
338
340
343
340
333
330
324
325
329
327
329
335
343
343
347
344
342
347
342
351
343
343
335
326
326
321
324
326
321
322
324
325
326
325
323
324
332
334
336
337
338
339
337
338
340
339
338
342
341
341
341
342
342
343
340
343
347
343
344
344
342
337
341
341
344
342
346
351
346
346
349
350
350
351
352
350
355
356
358
362
362
363
362
365
362
363
364
365
368
368
367
367
370
371
371
372
371
376
377
371
374
373
370
368
368
373
373
375
375
379
380
378
377
379
380
379
382
383
383
381
382
384
384
386
387
386
385
384
380
382
378
374
376
375
375
375
380
381
380
381
380
384
381
385
386
388
386
381
382
385
385
386
385
386
385
386
386
386
383
379
378
380
382
379
381
381
380
380
381
376
375
371
368
363
360
364
367
368
369
371
375
367
369
374
366
369
367
366
371
374
375
368
363
366
357
350
351
351
357
353
351
351
350
349
352
350
355
360
364
364
365
366
365
364
365
364
363
367
373
373
372
376
373
365
366
366
369
370
370
371
378
377
379
378
380
377
379
380
377
384
385
386
391
395
393
393
394
392
391
390
393
393
396
391
391
391
392
388
388
385
384
385
384
387
389
389
388
386
390
390
389
386
387
389
390
392
391
392
400
402
401
402
404
404
402
404
404
405
399
405
417
420
407
400
401
400
399
399
398
395
396
397
401
406
404
405
405
402
406
401
406
406
404
409
414
416
413
413
424
419
420
418
422
423
424
421
419
415
412
416
412
416
415
414
419
415
414
415
414
410
409
409
405
404
402
403
402
398
396
392
395
396
398
396
399
402
392
391
393
396
399
403
400
398
402
404
398
394
397
409
405
404
405
402
408
401
390
386
385
387
389
386
388
385
390
388
385
385
388
389
392
394
394
390
386
380
378
381
382
377
369
365
364
363
365
361
358
356
354
355
355
352
352
351
352
348
344
346
345
341
339
337
336
334
337
335
335
338
338
339
342
345
344
344
344
343
344
345
347
350
357
357
357
354
354
350
354
354
348
345
344
346
346
353
354
357
353
347
342
343
343
343
342
341
342
340
342
344
347
347
350
346
346
343
342
345
343
342
341
341
340
341
340
342
344
344
342
343
343
347
348
350
351
350
350
349
348
351
350
347
349
349
350
352
351
354
353
352
357
354
357
359
358
362
363
363
361
360
365
365
362
358
360
361
364
367
368
365
362
360
361
366
364
362
360
359
358
360
358
359
359
360
358
361
361
363
364
367
368
368
365
364
368
368
368
367
372
373
375
374
374
376
379
380
380
380
382
380
383
381
380
381
382
381
382
383
385
386
384
386
388
387
388
388
386
387
391
392
391
391
391
392
391
390
391
391
391
392
389
386
389
388
386
386
384
381
381
380
380
380
377
378
378
383
383
386
389
389
388
388
387
389
389
392
392
390
387
386
388
388
386
386
387
391
391
392
393
393
393
394
390
392
395
396
396
395
394
395
392
389
392
393
396
397
395
394
393
394
393
394
397
396
392
389
391
388
386
385
387
388
388
386
387
386
387
386
382
383
386
389
389
390
389
388
391
390
390
392
398
394
395
391
392
388
389
388
389
386
388
389
398
395
390
390
390
393
395
399
402
402
399
398
401
402
401
408
409
410
408
411
411
412
411
412
413
414
417
419
421
424
426
424
425
427
430
430
427
426
426
428
427
427
425
425
424
423
425
425
425
429
428
428
428
428
431
437
441
443
438
437
436
434
436
433
433
435
435
436
440
451
449
449
451
451
462
455
458
459
459
458
459
456
460
457
452
450
448
453
451
453
452
448
451
451
455
449
450
448
448
437
439
437
440
438
431
428
431
431
436
432
433
438
441
440
439
439
437
441
440
435
433
435
429
435
437
437
446
452
452
454
452
452
448
453
455
457
456
460
468
469
468
468
463
457
453
457
454
452
458
457
464
460
461
465
464
464
455
454
456
449
449
444
442
440
443
441
439
437
437
436
437
434
434
434
431
430
427
427
430
428
429
432
433
436
436
434
433
432
433
432
435
438
439
437
438
435
433
433
432
433
433
433
433
433
429
432
430
430
430
428
428
425
426
424
421
420
421
421
424
426
424
426
426
427
432
430
430
433
432
434
434
432
431
434
430
430
426
426
426
425
426
431
432
428
424
422
423
424
423
419
415
413
408
410
413
413
411
411
410
409
411
407
408
404
402
404
403
401
402
407
400
398
400
400
401
399
401
396
397
398
399
401
400
398
403
403
406
407
414
412
414
409
411
413
412
411
410
410
413
413
411
417
418
417
418
419
421
424
428
430
431
430
430
430
433
435
434
434
435
433
434
433
431
432
434
433
434
427
426
427
427
426
426
430
433
434
432
432
429
431
437
441
444
437
439
442
433
435
435
439
443
443
439
437
435
433
433
434
433
431
427
430
426
422
425
428
431
435
434
427
427
425
426
425
420
421
421
420
420
423
418
420
419
413
411
406
407
405
405
405
404
399
397
397
397
396
397
399
399
399
399
397
395
394
393
393
393
393
394
394
390
389
388
388
388
389
388
388
388
387
388
387
386
387
387
388
386
384
384
384
383
384
384
391
390
390
386
388
387
386
382
383
383
384
384
384
387
388
391
391
391
392
391
386
385
384
384
385
385
386
387
390
392
391
389
390
390
392
392
391
392
395
395
394
395
396
391
391
393
392
392
390
390
389
391
388
385
386
387
388
387
384
384
387
388
378
377
378
378
381
379
381
376
366
363
368
369
369
376
378
376
378
377
375
377
377
377
377
378
384
386
386
386
383
382
381
379
382
386
390
385
389
388
390
391
394
390
392
385
384
387
386
395
396
396
399
399
405
408
410
413
419
419
418
411
416
416
418
421
419
421
422
424
426
426
427
426
425
422
421
421
421
420
419
417
420
420
420
420
416
417
415
414
415
414
417
419
418
418
419
422
421
420
420
422
425
426
434
433
436
437
439
438
437
435
434
437
431
430
429
429
429
429
428
429
431
431
430
430
424
423
427
426
426
425
426
425
425
425
423
423
422
423
422
423
421
424
425
423
422
422
422
422
419
414
415
414
417
419
420
418
417
424
421
420
420
418
411
411
410
411
411
411
413
414
414
415
413
411
410
409
410
412
416
414
415
412
414
419
422
420
419
420
419
417
417
418
417
421
425
422
422
422
419
421
416
417
421
423
422
421
421
424
424
424
425
425
428
430
432
429
429
425
423
425
424
423
422
421
423
424
423
422
424
422
419
423
422
420
415
420
429
425
419
416
417
423
413
413
417
421
422
419
427
425
426
426
424
433
437
443
444
445
444
446
443
445
450
449
454
455
454
457
464
464
466
467
466
466
466
465
467
464
462
461
456
456
454
456
460
461
467
467
464
464
465
465
463
465
467
473
477
476
477
476
477
476
474
469
470
473
470
461
459
460
459
456
457
456
456
459
463
461
463
460
462
464
467
468
468
473
473
473
474
469
460
460
469
473
474
476
483
477
476
479
473
469
468
470
470
474
473
474
472
473
472
473
476
479
477
477
479
480
476
478
478
482
483
482
482
484
488
488
488
496
494
493
494
490
492
496
497
501
504
506
503
505
504
504
502
506
503
509
509
513
512
513
520
519
516
518
518
509
510
511
512
513
517
515
517
527
525
537
537
533
527
525
526
527
518
518
514
511
508
505
508
502
503
504
508
510
506
512
510
500
503
500
503
509
507
509
510
513
513
520
535
535
533
538
541
541
554
552
553
549
541
542
540
538
538
541
529
518
522
523
519
520
523
531
528
524
527
517
518
524
509
513
516
513
515
519
528
534
533
533
542
542
543
547
549
551
557
553
551
558
555
552
550
552
554
554
559
567
566
568
570
570
569
570
569
568
566
568
565
566
569
563
566
570
572
579
579
579
581
582
582
581
583
583
581
588
587
586
584
582
582
586
583
581
588
590
593
596
600
604
601
604
606
605
604
606
606
607
601
604
600
601
605
606
606
611
613
613
610
611
610
610
612
621
615
614
614
612
612
613
609
606
612
613
619
619
615
619
628
631
658
671
672
668
666
670
680
684
680
680
678
662
659
660
650
642
641
645
641
636
634
640
642
639
637
639
645
644
647
655
654
658
659
653
653
652
647
651
652
662
662
668
659
670
668
664
656
667
665
668
675
679
684
689
695
701
704
703
700
707
704
710
710
708
711
698
700
708
707
717
714
714
717
712
707
711
706
703
707
712
712
720
715
713
712
709
702
709
714
711
704
710
721
719
738
732
745
744
735
728
716
719
724
728
721
712
698
689
689
702
700
700
707
711
725
726
731
734
735
722
729
721
713
724
723
742
748
746
742
753
758
772
781
783
776
773
772
789
785
782
793
780
775
773
771
794
798
783
776
771
766
755
761
763
757
753
750
745
746
743
735
731
733
734
732
732
730
736
733
736
736
737
736
738
729
726
731
729
735
732
731
733
729
727
729
723
722
720
724
717
714
714
714
718
714
714
715
714
708
712
707
720
719
712
710
706
708
701
698
696
692
687
685
687
680
681
680
679
677
681
691
701
704
710
701
696
699
703
711
710
721
721
726
725
721
716
711
714
705
700
697
703
708
710
702
703
711
700
708
723
716
715
710
701
703
693
695
692
690
681
683
677
668
667
665
666
667
664
662
666
667
663
661
660
665
668
674
670
670
672
674
667
661
670
674
672
669
667
658
659
663
665
661
658
662
659
652
655
659
657
653
657
656
654
652
645
643
643
646
644
648
643
643
642
638
637
634
629
628
630
628
624
623
619
621
616
621
631
632
631
631
634
638
634
637
642
638
635
634
637
641
642
640
643
641
630
625
630
631
629
625
623
620
620
615
616
615
612
611
609
607
605
603
605
608
606
608
606
606
600
600
598
599
598
601
608
609
612
609
608
607
597
593
594
602
597
598
590
590
596
598
603
600
602
609
607
615
615
626
620
618
616
629
634
633
637
639
634
632
638
645
651
650
652
650
652
653
650
652
646
648
649
647
649
656
656
650
654
650
647
644
638
630
631
636
637
638
640
640
640
641
642
641
640
640
636
636
632
632
632
634
627
624
624
628
627
627
625
621
624
625
624
621
619
618
614
617
619
617
615
611
614
608
606
605
605
602
603
597
598
597
597
602
605
602
604
598
593
597
600
607
606
608
610
612
613
612
613
620
616
617
614
616
619
621
619
615
618
619
621
620
623
623
623
621
619
615
610
609
608
609
614
609
610
615
627
630
632
630
622
623
620
617
615
615
619
612
608
607
603
603
599
597
596
599
600
601
596
597
598
598
596
596
594
594
587
587
588
587
585
584
583
583
589
588
591
591
594
593
590
591
593
594
594
593
588
587
589
584
581
577
575
576
574
573
573
570
569
569
565
564
563
565
563
564
565
566
568
569
570
569
566
566
565
566
568
569
566
568
563
565
564
560
560
561
559
558
559
559
561
562
561
562
563
559
560
560
559
559
554
552
550
552
551
554
553
556
556
552
555
560
562
565
563
558
557
559
557
554
554
552
557
558
556
557
562
565
566
572
570
577
569
570
562
561
561
560
570
564
560
558
553
545
544
541
546
542
539
540
543
543
547
549
550
550
548
548
550
552
554
556
556
559
560
559
566
564
573
567
568
563
560
561
561
566
570
570
574
579
584
589
588
588
594
595
594
598
599
596
597
600
596
595
591
590
592
592
588
589
590
584
585
584
581
581
582
582
580
575
584
583
588
590
590
584
584
584
588
587
581
580
577
579
578
578
581
581
581
582
579
573
575
572
572
572
576
577
579
571
564
561
559
567
567
575
573
579
582
580
582
583
581
582
577
575
575
564
563
570
569
566
561
557
554
562
562
566
572
572
576
577
577
573
576
581
580
575
572
571
569
569
576
575
572
572
567
573
569
565
563
559
560
553
558
558
555
550
547
546
547
549
543
542
538
535
532
533
535
536
535
533
533
530
528
527
528
529
534
536
542
541
539
541
544
547
549
552
554
553
554
557
560
560
559
557
559
560
560
558
558
556
554
555
559
556
558
554
553
552
551
553
551
549
548
550
549
550
548
545
547
541
542
547
548
549
552
552
548
547
548
544
547
547
554
554
547
547
549
545
542
541
545
544
543
535
538
537
535
540
534
531
534
530
531
534
533
530
529
528
522
522
519
523
518
517
520
525
525
524
526
525
528
530
526
526
524
528
522
521
518
520
518
515
516
513
514
512
512
516
515
521
522
519
517
520
518
513
511
515
510
513
514
511
514
519
525
529
533
534
526
527
525
517
516
517
515
514
513
506
510
513
521
514
530
537
537
534
541
537
535
532
527
515
525
527
533
540
549
555
554
562
563
557
561
564
568
566
566
572
570
579
572
566
571
577
577
577
584
582
578
591
594
585
583
580
586
584
571
568
568
564
563
563
565
564
571
566
561
557
556
566
560
564
570
572
565
566
558
557
558
553
553
552
553
548
544
546
550
548
543
543
542
553
556
548
555
556
557
558
546
548
540
538
537
542
539
535
537
531
534
533
534
534
531
531
528
521
526
522
524
519
509
511
511
505
504
503
503
500
504
505
506
506
504
501
502
498
495
493
490
498
491
488
485
488
485
491
488
482
481
482
478
474
475
482
483
488
488
489
487
487
494
494
494
498
497
492
489
487
489
488
484
493
506
507
513
497
496
494
495
496
488
493
490
493
484
482
479
474
470
468
461
462
464
464
462
461
462
459
457
454
450
447
448
456
456
451
452
449
449
451
452
456
461
457
467
460
464
467
464
458
454
453
449
448
450
448
445
444
442
443
443
442
440
443
446
440
437
439
439
452
450
449
443
440
439
436
438
434
431
430
431
430
431
426
422
422
420
417
417
417
417
416
418
419
418
419
419
416
415
415
419
417
414
414
411
412
412
411
411
411
411
411
412
411
410
411
414
413
416
416
417
417
415
415
416
415
413
413
412
411
412
412
412
409
410
412
414
411
411
406
401
402
401
402
402
402
404
401
403
404
403
402
402
402
402
402
406
406
407
408
408
408
409
409
408
408
408
408
407
408
405
407
408
407
407
409
410
410
410
412
411
411
409
407
411
414
413
417
417
414
414
413
414
414
419
414
413
414
415
421
416
416
415
415
419
420
421
430
427
428
429
430
438
433
434
434
437
448
456
455
454
452
453
451
446
444
438
438
436
434
431
433
434
433
423
421
418
419
418
415
415
413
414
412
411
408
406
408
407
406
404
404
404
402
401
401
402
402
402
400
403
402
403
403
401
401
402
401
400
400
401
399
398
398
398
399
397
398
397
396
396
395
396
395
396
399
399
396
395
396
395
396
396
397
398
397
399
398
398
398
399
401
400
400
401
402
401
401
403
403
402
403
400
402
402
402
401
401
402
404
404
404
406
407
408
406
408
411
412
414
413
415
415
418
419
418
421
423
433
434
433
431
434
436
438
438
444
446
451
453
452
454
455
456
448
437
434
434
433
438
430
429
428
427
430
421
420
419
415
415
416
416
421
415
414
413
414
419
414
414
413
414
414
417
417
413
414
411
407
409
411
411
412
410
410
410
409
407
407
408
407
405
408
407
408
408
408
408
409
409
408
408
408
407
406
406
402
402
402
402
402
403
404
403
401
404
402
402
402
401
402
401
406
411
411
414
412
410
409
412
412
412
411
412
413
413
415
416
415
415
417
417
416
416
413
414
411
410
411
412
411
411
411
411
411
412
412
411
414
414
417
419
415
415
416
419
419
418
419
418
416
417
417
417
417
420
422
422
426
431
430
431
430
431
434
438
436
439
440
443
449
450
452
439
439
437
440
446
443
440
442
443
